34.0 847.0 76.0 847.0 76.0 866.0 34.0 866.0 small-vehicle 0
278.0 710.0 371.0 710.0 371.0 731.0 278.0 731.0 large-vehicle 0
278.0 766.0 373.0 766.0 373.0 789.0 278.0 789.0 large-vehicle 0
276.0 793.0 372.0 793.0 372.0 818.0 276.0 818.0 large-vehicle 0
276.0 823.0 369.0 823.0 369.0 848.0 276.0 848.0 large-vehicle 0
275.0 853.0 368.0 853.0 368.0 876.0 275.0 876.0 large-vehicle 0
268.0 881.0 353.0 881.0 353.0 907.0 268.0 907.0 large-vehicle 0
389.0 184.0 492.0 184.0 492.0 207.0 389.0 207.0 large-vehicle 0
403.0 207.0 491.0 207.0 491.0 232.0 403.0 232.0 large-vehicle 0
398.0 263.0 468.0 263.0 468.0 288.0 398.0 288.0 large-vehicle 0
400.0 292.0 469.0 292.0 469.0 314.0 400.0 314.0 large-vehicle 0
423.0 347.0 490.0 347.0 490.0 371.0 423.0 371.0 large-vehicle 0
394.0 374.0 467.0 374.0 467.0 397.0 394.0 397.0 large-vehicle 0
418.0 404.0 486.0 404.0 486.0 426.0 418.0 426.0 large-vehicle 0
418.0 430.0 488.0 430.0 488.0 456.0 418.0 456.0 large-vehicle 0
394.0 456.0 463.0 456.0 463.0 480.0 394.0 480.0 large-vehicle 0
408.0 485.0 481.0 485.0 481.0 511.0 408.0 511.0 large-vehicle 0
401.0 514.0 473.0 514.0 473.0 541.0 401.0 541.0 large-vehicle 0
400.0 544.0 460.0 544.0 460.0 567.0 400.0 567.0 large-vehicle 0
389.0 571.0 462.0 571.0 462.0 594.0 389.0 594.0 large-vehicle 0
404.0 597.0 473.0 597.0 473.0 623.0 404.0 623.0 large-vehicle 0
386.0 626.0 459.0 626.0 459.0 651.0 386.0 651.0 large-vehicle 0
412.0 656.0 475.0 656.0 475.0 679.0 412.0 679.0 large-vehicle 0
404.0 686.0 473.0 686.0 473.0 708.0 404.0 708.0 large-vehicle 0
401.0 713.0 469.0 713.0 469.0 738.0 401.0 738.0 large-vehicle 0
403.0 738.0 468.0 738.0 468.0 766.0 403.0 766.0 large-vehicle 0
411.0 769.0 471.0 769.0 471.0 790.0 411.0 790.0 large-vehicle 0
393.0 794.0 456.0 794.0 456.0 825.0 393.0 825.0 large-vehicle 0
391.0 821.0 454.0 821.0 454.0 847.0 391.0 847.0 large-vehicle 0
391.0 850.0 453.0 850.0 453.0 876.0 391.0 876.0 large-vehicle 0
403.0 884.0 464.0 884.0 464.0 905.0 403.0 905.0 large-vehicle 0
278.0 736.0 371.0 736.0 371.0 760.0 278.0 760.0 large-vehicle 0
278.0 680.0 370.0 680.0 370.0 705.0 278.0 705.0 large-vehicle 0
34.0 754.0 80.0 754.0 80.0 774.0 34.0 774.0 small-vehicle 0
279.0 651.0 373.0 651.0 373.0 676.0 279.0 676.0 large-vehicle 0
96.0 254.0 178.0 254.0 178.0 279.0 96.0 279.0 large-vehicle 0
88.0 311.0 174.0 311.0 174.0 333.0 88.0 333.0 large-vehicle 0
90.0 339.0 189.0 339.0 189.0 366.0 90.0 366.0 large-vehicle 0
95.0 454.0 189.0 454.0 189.0 478.0 95.0 478.0 large-vehicle 0
91.0 482.0 191.0 482.0 191.0 508.0 91.0 508.0 large-vehicle 0
86.0 511.0 184.0 511.0 184.0 536.0 86.0 536.0 large-vehicle 0
90.0 541.0 186.0 541.0 186.0 564.0 90.0 564.0 large-vehicle 0
88.0 569.0 186.0 569.0 186.0 592.0 88.0 592.0 large-vehicle 0
97.0 600.0 179.0 600.0 179.0 625.0 97.0 625.0 large-vehicle 0
89.0 658.0 170.0 658.0 170.0 681.0 89.0 681.0 large-vehicle 0
86.0 687.0 168.0 687.0 168.0 711.0 86.0 711.0 large-vehicle 0
81.0 713.0 165.0 713.0 165.0 736.0 81.0 736.0 large-vehicle 0
83.0 743.0 164.0 743.0 164.0 765.0 83.0 765.0 large-vehicle 0
79.0 772.0 161.0 772.0 161.0 794.0 79.0 794.0 large-vehicle 0
88.0 797.0 152.0 797.0 152.0 821.0 88.0 821.0 large-vehicle 0
84.0 831.0 146.0 831.0 146.0 851.0 84.0 851.0 large-vehicle 0
88.0 857.0 149.0 857.0 149.0 878.0 88.0 878.0 large-vehicle 0
87.0 885.0 147.0 885.0 147.0 907.0 87.0 907.0 large-vehicle 0
286.0 189.0 374.0 189.0 374.0 211.0 286.0 211.0 large-vehicle 0
284.0 221.0 375.0 221.0 375.0 246.0 284.0 246.0 large-vehicle 0
282.0 338.0 372.0 338.0 372.0 366.0 282.0 366.0 large-vehicle 0
282.0 391.0 374.0 391.0 374.0 418.0 282.0 418.0 large-vehicle 0
283.0 423.0 375.0 423.0 375.0 447.0 283.0 447.0 large-vehicle 0
284.0 453.0 374.0 453.0 374.0 475.0 284.0 475.0 large-vehicle 0
280.0 504.0 376.0 504.0 376.0 533.0 280.0 533.0 large-vehicle 0
283.0 540.0 376.0 540.0 376.0 561.0 283.0 561.0 large-vehicle 0
279.0 566.0 374.0 566.0 374.0 591.0 279.0 591.0 large-vehicle 0
276.0 595.0 368.0 595.0 368.0 619.0 276.0 619.0 large-vehicle 0
281.0 626.0 374.0 626.0 374.0 648.0 281.0 648.0 large-vehicle 0
578.0 263.0 628.0 263.0 628.0 284.0 578.0 284.0 large-vehicle 0
576.0 293.0 628.0 293.0 628.0 314.0 576.0 314.0 large-vehicle 0
576.0 319.0 626.0 319.0 626.0 339.0 576.0 339.0 large-vehicle 0
572.0 349.0 623.0 349.0 623.0 369.0 572.0 369.0 large-vehicle 0
31.0 1.0 53.0 1.0 53.0 32.0 31.0 32.0 small-vehicle 0
41.0 38.0 63.0 38.0 63.0 74.0 41.0 74.0 small-vehicle 0
120.0 85.0 166.0 85.0 166.0 107.0 120.0 107.0 small-vehicle 0
185.0 82.0 226.0 82.0 226.0 102.0 185.0 102.0 small-vehicle 0
452.0 25.0 481.0 25.0 481.0 70.0 452.0 70.0 small-vehicle 1
494.0 32.0 518.0 32.0 518.0 73.0 494.0 73.0 small-vehicle 1
513.0 32.0 535.0 32.0 535.0 75.0 513.0 75.0 small-vehicle 1
531.0 37.0 549.0 37.0 549.0 68.0 531.0 68.0 small-vehicle 1
549.0 37.0 571.0 37.0 571.0 75.0 549.0 75.0 small-vehicle 1
575.0 27.0 596.0 27.0 596.0 69.0 575.0 69.0 small-vehicle 1
620.0 32.0 638.0 32.0 638.0 65.0 620.0 65.0 small-vehicle 1
671.0 31.0 695.0 31.0 695.0 75.0 671.0 75.0 small-vehicle 1
421.0 134.0 466.0 134.0 466.0 155.0 421.0 155.0 small-vehicle 1
368.0 136.0 413.0 136.0 413.0 158.0 368.0 158.0 small-vehicle 0
282.0 142.0 322.0 142.0 322.0 162.0 282.0 162.0 small-vehicle 1
234.0 144.0 279.0 144.0 279.0 167.0 234.0 167.0 small-vehicle 1
187.0 147.0 234.0 147.0 234.0 171.0 187.0 171.0 small-vehicle 1
36.0 299.0 81.0 299.0 81.0 321.0 36.0 321.0 small-vehicle 1
40.0 326.0 81.0 326.0 81.0 342.0 40.0 342.0 small-vehicle 1
39.0 357.0 83.0 357.0 83.0 376.0 39.0 376.0 small-vehicle 1
38.0 381.0 81.0 381.0 81.0 399.0 38.0 399.0 small-vehicle 1
34.0 402.0 80.0 402.0 80.0 422.0 34.0 422.0 small-vehicle 1
36.0 426.0 80.0 426.0 80.0 444.0 36.0 444.0 small-vehicle 1
26.0 535.0 81.0 535.0 81.0 563.0 26.0 563.0 small-vehicle 1
37.0 615.0 80.0 615.0 80.0 637.0 37.0 637.0 small-vehicle 1
37.0 663.0 78.0 663.0 78.0 683.0 37.0 683.0 small-vehicle 1
38.0 582.0 77.0 582.0 77.0 601.0 38.0 601.0 small-vehicle 0
32.0 644.0 76.0 644.0 76.0 664.0 32.0 664.0 small-vehicle 0
29.0 691.0 77.0 691.0 77.0 710.0 29.0 710.0 small-vehicle 0
684.0 860.0 736.0 860.0 736.0 911.0 684.0 911.0 large-vehicle 0
682.0 828.0 731.0 828.0 731.0 879.0 682.0 879.0 large-vehicle 0
680.0 792.0 731.0 792.0 731.0 846.0 680.0 846.0 large-vehicle 0
570.0 841.0 624.0 841.0 624.0 865.0 570.0 865.0 large-vehicle 0
574.0 377.0 621.0 377.0 621.0 397.0 574.0 397.0 large-vehicle 0
576.0 406.0 626.0 406.0 626.0 426.0 576.0 426.0 large-vehicle 0
573.0 436.0 621.0 436.0 621.0 455.0 573.0 455.0 large-vehicle 0
574.0 462.0 626.0 462.0 626.0 481.0 574.0 481.0 large-vehicle 0
573.0 488.0 621.0 488.0 621.0 508.0 573.0 508.0 large-vehicle 0
573.0 518.0 622.0 518.0 622.0 538.0 573.0 538.0 large-vehicle 0
568.0 543.0 620.0 543.0 620.0 568.0 568.0 568.0 large-vehicle 0
569.0 573.0 622.0 573.0 622.0 597.0 569.0 597.0 large-vehicle 0
566.0 600.0 618.0 600.0 618.0 622.0 566.0 622.0 large-vehicle 0
574.0 628.0 625.0 628.0 625.0 649.0 574.0 649.0 large-vehicle 0
565.0 656.0 619.0 656.0 619.0 678.0 565.0 678.0 large-vehicle 0
566.0 685.0 617.0 685.0 617.0 706.0 566.0 706.0 large-vehicle 0
570.0 814.0 626.0 814.0 626.0 836.0 570.0 836.0 large-vehicle 0
568.0 869.0 621.0 869.0 621.0 894.0 568.0 894.0 large-vehicle 0
686.0 755.0 736.0 755.0 736.0 805.0 686.0 805.0 large-vehicle 0
565.0 897.0 620.0 897.0 620.0 921.0 565.0 921.0 large-vehicle 0
683.0 302.0 733.0 302.0 733.0 351.0 683.0 351.0 large-vehicle 0
686.0 367.0 736.0 367.0 736.0 418.0 686.0 418.0 large-vehicle 0
682.0 407.0 736.0 407.0 736.0 454.0 682.0 454.0 large-vehicle 0
683.0 442.0 734.0 442.0 734.0 490.0 683.0 490.0 large-vehicle 0
687.0 471.0 740.0 471.0 740.0 520.0 687.0 520.0 large-vehicle 0
684.0 508.0 740.0 508.0 740.0 556.0 684.0 556.0 large-vehicle 0
686.0 544.0 739.0 544.0 739.0 593.0 686.0 593.0 large-vehicle 0
687.0 577.0 740.0 577.0 740.0 627.0 687.0 627.0 large-vehicle 0
684.0 613.0 736.0 613.0 736.0 662.0 684.0 662.0 large-vehicle 0
689.0 645.0 741.0 645.0 741.0 695.0 689.0 695.0 large-vehicle 0
684.0 684.0 734.0 684.0 734.0 735.0 684.0 735.0 large-vehicle 0
688.0 718.0 737.0 718.0 737.0 769.0 688.0 769.0 large-vehicle 0
97.0 222.0 181.0 222.0 181.0 246.0 97.0 246.0 large-vehicle 0