931.0 817.0 952.0 817.0 952.0 852.0 931.0 852.0 small-vehicle 1
456.0 841.0 481.0 841.0 481.0 982.0 456.0 982.0 large-vehicle 0
400.0 839.0 426.0 839.0 426.0 982.0 400.0 982.0 large-vehicle 0
373.0 842.0 399.0 842.0 399.0 985.0 373.0 985.0 large-vehicle 0
344.0 838.0 369.0 838.0 369.0 979.0 344.0 979.0 large-vehicle 0
317.0 835.0 339.0 835.0 339.0 977.0 317.0 977.0 large-vehicle 0
286.0 838.0 311.0 838.0 311.0 979.0 286.0 979.0 large-vehicle 0
154.0 947.0 250.0 947.0 250.0 971.0 154.0 971.0 large-vehicle 0
140.0 894.0 255.0 894.0 255.0 919.0 140.0 919.0 large-vehicle 0
116.0 862.0 236.0 862.0 236.0 888.0 116.0 888.0 large-vehicle 0
146.0 771.0 269.0 771.0 269.0 796.0 146.0 796.0 large-vehicle 0
136.0 741.0 271.0 741.0 271.0 766.0 136.0 766.0 large-vehicle 0
136.0 713.0 271.0 713.0 271.0 735.0 136.0 735.0 large-vehicle 0
157.0 679.0 252.0 679.0 252.0 701.0 157.0 701.0 large-vehicle 0
157.0 645.0 264.0 645.0 264.0 671.0 157.0 671.0 large-vehicle 0
146.0 614.0 268.0 614.0 268.0 641.0 146.0 641.0 large-vehicle 0
162.0 583.0 287.0 583.0 287.0 610.0 162.0 610.0 large-vehicle 0
145.0 555.0 285.0 555.0 285.0 580.0 145.0 580.0 large-vehicle 0
147.0 524.0 268.0 524.0 268.0 552.0 147.0 552.0 large-vehicle 0
429.0 840.0 454.0 840.0 454.0 979.0 429.0 979.0 large-vehicle 0
481.0 841.0 507.0 841.0 507.0 982.0 481.0 982.0 large-vehicle 0
1012.0 805.0 1033.0 805.0 1033.0 856.0 1012.0 856.0 small-vehicle 1
508.0 836.0 534.0 836.0 534.0 982.0 508.0 982.0 large-vehicle 0
968.0 797.0 992.0 797.0 992.0 851.0 968.0 851.0 small-vehicle 1
994.0 806.0 1013.0 806.0 1013.0 847.0 994.0 847.0 small-vehicle 0
1082.0 711.0 1102.0 711.0 1102.0 758.0 1082.0 758.0 small-vehicle 0
797.0 335.0 907.0 335.0 907.0 358.0 797.0 358.0 large-vehicle 0
804.0 213.0 912.0 213.0 912.0 236.0 804.0 236.0 large-vehicle 0
807.0 175.0 917.0 175.0 917.0 202.0 807.0 202.0 large-vehicle 0
800.0 142.0 923.0 142.0 923.0 167.0 800.0 167.0 large-vehicle 0
744.0 111.0 923.0 111.0 923.0 133.0 744.0 133.0 large-vehicle 0
587.0 489.0 703.0 489.0 703.0 522.0 587.0 522.0 large-vehicle 0
751.0 846.0 774.0 846.0 774.0 987.0 751.0 987.0 large-vehicle 0
723.0 844.0 748.0 844.0 748.0 987.0 723.0 987.0 large-vehicle 0
699.0 843.0 721.0 843.0 721.0 985.0 699.0 985.0 large-vehicle 0
671.0 843.0 695.0 843.0 695.0 988.0 671.0 988.0 large-vehicle 0
622.0 844.0 645.0 844.0 645.0 985.0 622.0 985.0 large-vehicle 0
593.0 843.0 617.0 843.0 617.0 988.0 593.0 988.0 large-vehicle 0
565.0 839.0 591.0 839.0 591.0 985.0 565.0 985.0 large-vehicle 0
535.0 841.0 567.0 841.0 567.0 985.0 535.0 985.0 large-vehicle 0
178.0 494.0 287.0 494.0 287.0 519.0 178.0 519.0 large-vehicle 0