937.0 1633.0 971.0 1633.0 971.0 1674.0 937.0 1674.0 small-vehicle 0
876.0 1118.0 982.0 1118.0 982.0 1184.0 876.0 1184.0 large-vehicle 0
592.0 1201.0 664.0 1201.0 664.0 1314.0 592.0 1314.0 large-vehicle 0
621.0 1203.0 695.0 1203.0 695.0 1318.0 621.0 1318.0 large-vehicle 0
649.0 1219.0 715.0 1219.0 715.0 1323.0 649.0 1323.0 large-vehicle 0
664.0 1196.0 751.0 1196.0 751.0 1354.0 664.0 1354.0 large-vehicle 0
295.0 1165.0 447.0 1165.0 447.0 1259.0 295.0 1259.0 large-vehicle 0
155.0 1071.0 297.0 1071.0 297.0 1181.0 155.0 1181.0 large-vehicle 0
114.0 1113.0 240.0 1113.0 240.0 1214.0 114.0 1214.0 large-vehicle 0
255.0 1211.0 398.0 1211.0 398.0 1306.0 255.0 1306.0 large-vehicle 0
480.0 1331.0 628.0 1331.0 628.0 1417.0 480.0 1417.0 large-vehicle 0
716.0 1436.0 877.0 1436.0 877.0 1530.0 716.0 1530.0 large-vehicle 0
828.0 1424.0 988.0 1424.0 988.0 1517.0 828.0 1517.0 large-vehicle 0
940.0 1354.0 1088.0 1354.0 1088.0 1423.0 940.0 1423.0 large-vehicle 0
931.0 1381.0 1082.0 1381.0 1082.0 1450.0 931.0 1450.0 large-vehicle 0
959.0 1423.0 1114.0 1423.0 1114.0 1497.0 959.0 1497.0 large-vehicle 0
947.0 1445.0 1094.0 1445.0 1094.0 1521.0 947.0 1521.0 large-vehicle 0
860.0 1202.0 1011.0 1202.0 1011.0 1297.0 860.0 1297.0 large-vehicle 0
859.0 1168.0 1010.0 1168.0 1010.0 1260.0 859.0 1260.0 large-vehicle 0
569.0 1189.0 636.0 1189.0 636.0 1301.0 569.0 1301.0 large-vehicle 0
540.0 1151.0 620.0 1151.0 620.0 1285.0 540.0 1285.0 large-vehicle 0
545.0 1135.0 596.0 1135.0 596.0 1201.0 545.0 1201.0 small-vehicle 0
151.0 904.0 280.0 904.0 280.0 1016.0 151.0 1016.0 large-vehicle 0
211.0 426.0 241.0 426.0 241.0 465.0 211.0 465.0 small-vehicle 0
253.0 611.0 380.0 611.0 380.0 721.0 253.0 721.0 large-vehicle 0
220.0 641.0 367.0 641.0 367.0 758.0 220.0 758.0 large-vehicle 0
215.0 669.0 305.0 669.0 305.0 744.0 215.0 744.0 large-vehicle 0
188.0 720.0 324.0 720.0 324.0 836.0 188.0 836.0 large-vehicle 0
172.0 746.0 304.0 746.0 304.0 858.0 172.0 858.0 large-vehicle 0
148.0 766.0 287.0 766.0 287.0 883.0 148.0 883.0 large-vehicle 0
185.0 954.0 284.0 954.0 284.0 1050.0 185.0 1050.0 large-vehicle 0
490.0 1111.0 577.0 1111.0 577.0 1257.0 490.0 1257.0 large-vehicle 0
234.0 918.0 346.0 918.0 346.0 1051.0 234.0 1051.0 large-vehicle 0
261.0 944.0 367.0 944.0 367.0 1066.0 261.0 1066.0 large-vehicle 1
328.0 1031.0 417.0 1031.0 417.0 1132.0 328.0 1132.0 large-vehicle 0
348.0 1055.0 434.0 1055.0 434.0 1160.0 348.0 1160.0 large-vehicle 0
385.0 1075.0 457.0 1075.0 457.0 1175.0 385.0 1175.0 large-vehicle 0
412.0 1058.0 505.0 1058.0 505.0 1197.0 412.0 1197.0 large-vehicle 0
462.0 1094.0 554.0 1094.0 554.0 1230.0 462.0 1230.0 large-vehicle 0
844.0 1146.0 988.0 1146.0 988.0 1234.0 844.0 1234.0 large-vehicle 0
772.0 984.0 808.0 984.0 808.0 1015.0 772.0 1015.0 small-vehicle 0
982.0 1568.0 1097.0 1568.0 1097.0 1644.0 982.0 1644.0 large-vehicle 0
794.0 1014.0 830.0 1014.0 830.0 1044.0 794.0 1044.0 small-vehicle 0
1154.0 37.0 1251.0 37.0 1251.0 145.0 1154.0 145.0 large-vehicle 0
1237.0 40.0 1335.0 40.0 1335.0 154.0 1237.0 154.0 large-vehicle 0
1169.0 29.0 1261.0 29.0 1261.0 113.0 1169.0 113.0 large-vehicle 1
1292.0 165.0 1336.0 165.0 1336.0 231.0 1292.0 231.0 large-vehicle 1
1271.0 31.0 1308.0 31.0 1308.0 56.0 1271.0 56.0 large-vehicle 1
1321.0 37.0 1339.0 37.0 1339.0 70.0 1321.0 70.0 large-vehicle 1
1313.0 79.0 1338.0 79.0 1338.0 129.0 1313.0 129.0 large-vehicle 1
872.0 203.0 900.0 203.0 900.0 243.0 872.0 243.0 small-vehicle 0
673.0 603.0 700.0 603.0 700.0 643.0 673.0 643.0 small-vehicle 0
1138.0 120.0 1178.0 120.0 1178.0 153.0 1138.0 153.0 small-vehicle 1
1174.0 192.0 1213.0 192.0 1213.0 225.0 1174.0 225.0 small-vehicle 1
1218.0 278.0 1256.0 278.0 1256.0 310.0 1218.0 310.0 small-vehicle 1
1143.0 137.0 1188.0 137.0 1188.0 173.0 1143.0 173.0 small-vehicle 0
1165.0 174.0 1205.0 174.0 1205.0 207.0 1165.0 207.0 small-vehicle 0
1200.0 241.0 1239.0 241.0 1239.0 270.0 1200.0 270.0 small-vehicle 0
1226.0 296.0 1266.0 296.0 1266.0 329.0 1226.0 329.0 small-vehicle 0
1236.0 314.0 1279.0 314.0 1279.0 351.0 1236.0 351.0 small-vehicle 0
685.0 374.0 714.0 374.0 714.0 419.0 685.0 419.0 small-vehicle 1
601.0 469.0 634.0 469.0 634.0 510.0 601.0 510.0 small-vehicle 0
575.0 347.0 687.0 347.0 687.0 489.0 575.0 489.0 large-vehicle 0
547.0 713.0 607.0 713.0 607.0 775.0 547.0 775.0 large-vehicle 0
807.0 1030.0 844.0 1030.0 844.0 1059.0 807.0 1059.0 small-vehicle 0
448.0 845.0 544.0 845.0 544.0 943.0 448.0 943.0 large-vehicle 0
478.0 843.0 566.0 843.0 566.0 930.0 478.0 930.0 large-vehicle 0
493.0 824.0 530.0 824.0 530.0 862.0 493.0 862.0 small-vehicle 0
491.0 783.0 638.0 783.0 638.0 929.0 491.0 929.0 large-vehicle 0
509.0 765.0 636.0 765.0 636.0 891.0 509.0 891.0 large-vehicle 0
538.0 752.0 661.0 752.0 661.0 876.0 538.0 876.0 large-vehicle 0
603.0 774.0 661.0 774.0 661.0 834.0 603.0 834.0 large-vehicle 0
557.0 313.0 656.0 313.0 656.0 460.0 557.0 460.0 large-vehicle 0
693.0 665.0 746.0 665.0 746.0 702.0 693.0 702.0 small-vehicle 0
728.0 687.0 762.0 687.0 762.0 715.0 728.0 715.0 small-vehicle 0
734.0 706.0 772.0 706.0 772.0 737.0 734.0 737.0 small-vehicle 0
749.0 766.0 808.0 766.0 808.0 810.0 749.0 810.0 large-vehicle 0
757.0 796.0 808.0 796.0 808.0 835.0 757.0 835.0 small-vehicle 0
478.0 281.0 586.0 281.0 586.0 422.0 478.0 422.0 large-vehicle 0
506.0 292.0 613.0 292.0 613.0 438.0 506.0 438.0 large-vehicle 0
271.0 315.0 304.0 315.0 304.0 355.0 271.0 355.0 small-vehicle 0