920.0 725.0 969.0 725.0 969.0 772.0 920.0 772.0 large-vehicle 0
1025.0 422.0 1134.0 422.0 1134.0 592.0 1025.0 592.0 large-vehicle 0
745.0 558.0 845.0 558.0 845.0 726.0 745.0 726.0 large-vehicle 0
774.0 555.0 867.0 555.0 867.0 715.0 774.0 715.0 large-vehicle 0
796.0 547.0 892.0 547.0 892.0 706.0 796.0 706.0 large-vehicle 0
819.0 535.0 925.0 535.0 925.0 702.0 819.0 702.0 large-vehicle 0
839.0 516.0 945.0 516.0 945.0 684.0 839.0 684.0 large-vehicle 0
864.0 506.0 967.0 506.0 967.0 672.0 864.0 672.0 large-vehicle 0
910.0 482.0 1012.0 482.0 1012.0 646.0 910.0 646.0 large-vehicle 0
930.0 466.0 1034.0 466.0 1034.0 631.0 930.0 631.0 large-vehicle 0
954.0 454.0 1056.0 454.0 1056.0 618.0 954.0 618.0 large-vehicle 0
1051.0 415.0 1155.0 415.0 1155.0 580.0 1051.0 580.0 large-vehicle 0
517.0 239.0 593.0 239.0 593.0 350.0 517.0 350.0 large-vehicle 0
1070.0 394.0 1180.0 394.0 1180.0 566.0 1070.0 566.0 large-vehicle 0
1148.0 623.0 1250.0 623.0 1250.0 717.0 1148.0 717.0 large-vehicle 0
1055.0 620.0 1187.0 620.0 1187.0 737.0 1055.0 737.0 large-vehicle 0
1034.0 639.0 1181.0 639.0 1181.0 769.0 1034.0 769.0 large-vehicle 0
1002.0 649.0 1150.0 649.0 1150.0 781.0 1002.0 781.0 large-vehicle 0
968.0 659.0 1119.0 659.0 1119.0 788.0 968.0 788.0 large-vehicle 0
801.0 731.0 951.0 731.0 951.0 865.0 801.0 865.0 large-vehicle 0
727.0 774.0 874.0 774.0 874.0 905.0 727.0 905.0 large-vehicle 0
705.0 792.0 849.0 792.0 849.0 918.0 705.0 918.0 large-vehicle 0
720.0 569.0 822.0 569.0 822.0 738.0 720.0 738.0 large-vehicle 0
696.0 583.0 798.0 583.0 798.0 751.0 696.0 751.0 large-vehicle 0
650.0 607.0 753.0 607.0 753.0 772.0 650.0 772.0 large-vehicle 0
626.0 619.0 727.0 619.0 727.0 783.0 626.0 783.0 large-vehicle 0
130.0 448.0 210.0 448.0 210.0 586.0 130.0 586.0 large-vehicle 0
143.0 421.0 232.0 421.0 232.0 575.0 143.0 575.0 large-vehicle 0
168.0 406.0 252.0 406.0 252.0 557.0 168.0 557.0 large-vehicle 0
278.0 342.0 377.0 342.0 377.0 510.0 278.0 510.0 large-vehicle 0
305.0 331.0 398.0 331.0 398.0 494.0 305.0 494.0 large-vehicle 0
374.0 301.0 459.0 301.0 459.0 448.0 374.0 448.0 large-vehicle 0
392.0 274.0 486.0 274.0 486.0 439.0 392.0 439.0 large-vehicle 0
420.0 265.0 511.0 265.0 511.0 430.0 420.0 430.0 large-vehicle 0
505.0 259.0 596.0 259.0 596.0 413.0 505.0 413.0 large-vehicle 0
390.0 789.0 471.0 789.0 471.0 916.0 390.0 916.0 large-vehicle 0
411.0 720.0 517.0 720.0 517.0 888.0 411.0 888.0 large-vehicle 0
434.0 705.0 538.0 705.0 538.0 876.0 434.0 876.0 large-vehicle 0
463.0 707.0 550.0 707.0 550.0 842.0 463.0 842.0 large-vehicle 0
479.0 677.0 579.0 677.0 579.0 844.0 479.0 844.0 large-vehicle 0
516.0 691.0 597.0 691.0 597.0 829.0 516.0 829.0 large-vehicle 0
537.0 676.0 617.0 676.0 617.0 816.0 537.0 816.0 large-vehicle 0
557.0 657.0 658.0 657.0 658.0 822.0 557.0 822.0 large-vehicle 0
583.0 646.0 684.0 646.0 684.0 812.0 583.0 812.0 large-vehicle 0
608.0 639.0 700.0 639.0 700.0 796.0 608.0 796.0 large-vehicle 0
635.0 832.0 776.0 832.0 776.0 959.0 635.0 959.0 large-vehicle 0
601.0 840.0 748.0 840.0 748.0 970.0 601.0 970.0 large-vehicle 0
550.0 895.0 670.0 895.0 670.0 1007.0 550.0 1007.0 large-vehicle 0
546.0 1054.0 585.0 1054.0 585.0 1075.0 546.0 1075.0 small-vehicle 1
974.0 703.0 1016.0 703.0 1016.0 741.0 974.0 741.0 small-vehicle 1
939.0 675.0 981.0 675.0 981.0 715.0 939.0 715.0 small-vehicle 1
916.0 762.0 962.0 762.0 962.0 805.0 916.0 805.0 small-vehicle 0
835.0 798.0 880.0 798.0 880.0 839.0 835.0 839.0 small-vehicle 1
590.0 865.0 628.0 865.0 628.0 904.0 590.0 904.0 small-vehicle 0
666.0 824.0 719.0 824.0 719.0 871.0 666.0 871.0 small-vehicle 0
531.0 366.0 565.0 366.0 565.0 413.0 531.0 413.0 small-vehicle 0
469.0 315.0 504.0 315.0 504.0 362.0 469.0 362.0 small-vehicle 1
385.0 385.0 419.0 385.0 419.0 430.0 385.0 430.0 small-vehicle 1
296.0 441.0 333.0 441.0 333.0 491.0 296.0 491.0 small-vehicle 1
878.0 205.0 923.0 205.0 923.0 259.0 878.0 259.0 small-vehicle 1
888.0 499.0 919.0 499.0 919.0 541.0 888.0 541.0 small-vehicle 1
1050.0 526.0 1084.0 526.0 1084.0 573.0 1050.0 573.0 small-vehicle 1
427.0 668.0 479.0 668.0 479.0 707.0 427.0 707.0 small-vehicle 0
590.0 970.0 635.0 970.0 635.0 1010.0 590.0 1010.0 small-vehicle 0
1003.0 487.0 1083.0 487.0 1083.0 608.0 1003.0 608.0 large-vehicle 0
677.0 801.0 793.0 801.0 793.0 900.0 677.0 900.0 large-vehicle 0
411.0 1090.0 486.0 1090.0 486.0 1204.0 411.0 1204.0 large-vehicle 0
536.0 228.0 609.0 228.0 609.0 338.0 536.0 338.0 large-vehicle 0
1005.0 730.0 1046.0 730.0 1046.0 769.0 1005.0 769.0 small-vehicle 1
1250.0 1494.0 1292.0 1494.0 1292.0 1525.0 1250.0 1525.0 small-vehicle 1
488.0 912.0 628.0 912.0 628.0 1045.0 488.0 1045.0 large-vehicle 0
1276.0 1468.0 1316.0 1468.0 1316.0 1503.0 1276.0 1503.0 small-vehicle 1
461.0 926.0 592.0 926.0 592.0 1054.0 461.0 1054.0 large-vehicle 0
571.0 1095.0 745.0 1095.0 745.0 1198.0 571.0 1198.0 large-vehicle 0
770.0 303.0 811.0 303.0 811.0 342.0 770.0 342.0 small-vehicle 0
819.0 251.0 855.0 251.0 855.0 295.0 819.0 295.0 small-vehicle 0
877.0 298.0 921.0 298.0 921.0 329.0 877.0 329.0 small-vehicle 0
867.0 273.0 912.0 273.0 912.0 307.0 867.0 307.0 small-vehicle 0
963.0 233.0 1007.0 233.0 1007.0 264.0 963.0 264.0 small-vehicle 0
873.0 454.0 918.0 454.0 918.0 490.0 873.0 490.0 small-vehicle 0
899.0 195.0 932.0 195.0 932.0 239.0 899.0 239.0 small-vehicle 0
917.0 184.0 950.0 184.0 950.0 228.0 917.0 228.0 small-vehicle 0
938.0 179.0 971.0 179.0 971.0 225.0 938.0 225.0 small-vehicle 1
213.0 778.0 266.0 778.0 266.0 812.0 213.0 812.0 ship 0
338.0 995.0 375.0 995.0 375.0 1047.0 338.0 1047.0 small-vehicle 0
205.0 1396.0 253.0 1396.0 253.0 1432.0 205.0 1432.0 small-vehicle 0
198.0 1349.0 239.0 1349.0 239.0 1385.0 198.0 1385.0 small-vehicle 1
899.0 1132.0 942.0 1132.0 942.0 1167.0 899.0 1167.0 small-vehicle 0
1141.0 1441.0 1173.0 1441.0 1173.0 1484.0 1141.0 1484.0 small-vehicle 0
1202.0 1447.0 1238.0 1447.0 1238.0 1494.0 1202.0 1494.0 small-vehicle 1
1291.0 1484.0 1331.0 1484.0 1331.0 1522.0 1291.0 1522.0 small-vehicle 0
90.0 432.0 188.0 432.0 188.0 600.0 90.0 600.0 large-vehicle 0