1782.0 296.0 1818.0 296.0 1818.0 318.0 1782.0 318.0 small-vehicle 1
1674.0 383.0 1716.0 383.0 1716.0 405.0 1674.0 405.0 small-vehicle 1
211.0 393.0 254.0 393.0 254.0 413.0 211.0 413.0 small-vehicle 0
210.0 412.0 255.0 412.0 255.0 434.0 210.0 434.0 small-vehicle 0
204.0 436.0 247.0 436.0 247.0 456.0 204.0 456.0 small-vehicle 0
206.0 458.0 247.0 458.0 247.0 478.0 206.0 478.0 small-vehicle 0
206.0 483.0 254.0 483.0 254.0 504.0 206.0 504.0 small-vehicle 0
192.0 514.0 239.0 514.0 239.0 534.0 192.0 534.0 small-vehicle 0
157.0 474.0 205.0 474.0 205.0 494.0 157.0 494.0 small-vehicle 0
145.0 443.0 207.0 443.0 207.0 467.0 145.0 467.0 small-vehicle 0
157.0 422.0 208.0 422.0 208.0 444.0 157.0 444.0 small-vehicle 0
165.0 396.0 208.0 396.0 208.0 416.0 165.0 416.0 small-vehicle 0
161.0 372.0 205.0 372.0 205.0 391.0 161.0 391.0 small-vehicle 0
164.0 328.0 208.0 328.0 208.0 349.0 164.0 349.0 small-vehicle 0
162.0 303.0 205.0 303.0 205.0 324.0 162.0 324.0 small-vehicle 0
162.0 277.0 210.0 277.0 210.0 299.0 162.0 299.0 small-vehicle 0
164.0 255.0 211.0 255.0 211.0 277.0 164.0 277.0 small-vehicle 0
168.0 184.0 214.0 184.0 214.0 206.0 168.0 206.0 small-vehicle 0
167.0 163.0 212.0 163.0 212.0 184.0 167.0 184.0 small-vehicle 0
162.0 136.0 219.0 136.0 219.0 164.0 162.0 164.0 small-vehicle 0
171.0 113.0 215.0 113.0 215.0 134.0 171.0 134.0 small-vehicle 0
167.0 90.0 212.0 90.0 212.0 111.0 167.0 111.0 small-vehicle 0
177.0 69.0 213.0 69.0 213.0 86.0 177.0 86.0 small-vehicle 0
172.0 46.0 214.0 46.0 214.0 62.0 172.0 62.0 small-vehicle 0
225.0 19.0 266.0 19.0 266.0 39.0 225.0 39.0 small-vehicle 0
179.0 23.0 217.0 23.0 217.0 42.0 179.0 42.0 small-vehicle 0
172.0 683.0 1752.0 683.0 1752.0 1482.0 172.0 1482.0 ground-track-field 0
519.0 823.0 1398.0 823.0 1398.0 1327.0 519.0 1327.0 soccer-ball-field 0
832.0 320.0 933.0 320.0 933.0 524.0 832.0 524.0 tennis-court 0
716.0 316.0 817.0 316.0 817.0 523.0 716.0 523.0 tennis-court 0
597.0 309.0 700.0 309.0 700.0 518.0 597.0 518.0 tennis-court 0
213.0 370.0 255.0 370.0 255.0 392.0 213.0 392.0 small-vehicle 0
210.0 351.0 251.0 351.0 251.0 371.0 210.0 371.0 small-vehicle 0
211.0 331.0 251.0 331.0 251.0 349.0 211.0 349.0 small-vehicle 0
1646.0 73.0 1674.0 73.0 1674.0 91.0 1646.0 91.0 small-vehicle 1
1636.0 48.0 1679.0 48.0 1679.0 67.0 1636.0 67.0 small-vehicle 0
1641.0 313.0 1669.0 313.0 1669.0 331.0 1641.0 331.0 small-vehicle 1
1461.0 1591.0 1504.0 1591.0 1504.0 1635.0 1461.0 1635.0 small-vehicle 0
936.0 134.0 953.0 134.0 953.0 162.0 936.0 162.0 small-vehicle 1
1031.0 43.0 1066.0 43.0 1066.0 89.0 1031.0 89.0 small-vehicle 0
936.0 104.0 955.0 104.0 955.0 126.0 936.0 126.0 small-vehicle 1
1051.0 31.0 1089.0 31.0 1089.0 75.0 1051.0 75.0 small-vehicle 0
1650.0 1595.0 1692.0 1595.0 1692.0 1640.0 1650.0 1640.0 small-vehicle 0
1777.0 426.0 1814.0 426.0 1814.0 446.0 1777.0 446.0 small-vehicle 1
1789.0 268.0 1820.0 268.0 1820.0 287.0 1789.0 287.0 small-vehicle 1
1786.0 211.0 1821.0 211.0 1821.0 229.0 1786.0 229.0 small-vehicle 1
1651.0 216.0 1673.0 216.0 1673.0 234.0 1651.0 234.0 small-vehicle 1
1648.0 170.0 1675.0 170.0 1675.0 186.0 1648.0 186.0 small-vehicle 1
1631.0 96.0 1678.0 96.0 1678.0 118.0 1631.0 118.0 small-vehicle 0
211.0 307.0 264.0 307.0 264.0 326.0 211.0 326.0 small-vehicle 0
1338.0 1585.0 1380.0 1585.0 1380.0 1635.0 1338.0 1635.0 small-vehicle 0
1213.0 1589.0 1260.0 1589.0 1260.0 1611.0 1213.0 1611.0 small-vehicle 0
1302.0 1586.0 1343.0 1586.0 1343.0 1641.0 1302.0 1641.0 small-vehicle 0
218.0 60.0 259.0 60.0 259.0 80.0 218.0 80.0 small-vehicle 0
222.0 39.0 263.0 39.0 263.0 57.0 222.0 57.0 small-vehicle 0
216.0 78.0 261.0 78.0 261.0 98.0 216.0 98.0 small-vehicle 0
220.0 97.0 263.0 97.0 263.0 117.0 220.0 117.0 small-vehicle 0
218.0 141.0 265.0 141.0 265.0 162.0 218.0 162.0 small-vehicle 0
218.0 163.0 262.0 163.0 262.0 182.0 218.0 182.0 small-vehicle 0
214.0 187.0 256.0 187.0 256.0 207.0 214.0 207.0 small-vehicle 0
217.0 227.0 259.0 227.0 259.0 246.0 217.0 246.0 small-vehicle 0
217.0 247.0 254.0 247.0 254.0 264.0 217.0 264.0 small-vehicle 0
209.0 286.0 252.0 286.0 252.0 304.0 209.0 304.0 small-vehicle 0
479.0 307.0 582.0 307.0 582.0 513.0 479.0 513.0 tennis-court 0