1380.0 77.0 1411.0 77.0 1411.0 129.0 1380.0 129.0 large-vehicle 0
362.0 1200.0 403.0 1200.0 403.0 1225.0 362.0 1225.0 small-vehicle 0
369.0 725.0 397.0 725.0 397.0 770.0 369.0 770.0 small-vehicle 0
301.0 705.0 317.0 705.0 317.0 740.0 301.0 740.0 small-vehicle 0
245.0 250.0 275.0 250.0 275.0 297.0 245.0 297.0 small-vehicle 0
83.0 257.0 112.0 257.0 112.0 307.0 83.0 307.0 small-vehicle 0
578.0 538.0 664.0 538.0 664.0 585.0 578.0 585.0 large-vehicle 0
308.0 1127.0 351.0 1127.0 351.0 1147.0 308.0 1147.0 small-vehicle 1
311.0 1100.0 355.0 1100.0 355.0 1116.0 311.0 1116.0 small-vehicle 0
507.0 1440.0 638.0 1440.0 638.0 1500.0 507.0 1500.0 large-vehicle 0
1608.0 896.0 1704.0 896.0 1704.0 1075.0 1608.0 1075.0 large-vehicle 0
434.0 1479.0 507.0 1479.0 507.0 1504.0 434.0 1504.0 large-vehicle 0
697.0 1278.0 743.0 1278.0 743.0 1410.0 697.0 1410.0 large-vehicle 0
556.0 1310.0 603.0 1310.0 603.0 1442.0 556.0 1442.0 large-vehicle 0
456.0 1313.0 505.0 1313.0 505.0 1464.0 456.0 1464.0 large-vehicle 0
480.0 1297.0 539.0 1297.0 539.0 1465.0 480.0 1465.0 large-vehicle 0
607.0 1247.0 680.0 1247.0 680.0 1433.0 607.0 1433.0 large-vehicle 0
382.0 884.0 412.0 884.0 412.0 973.0 382.0 973.0 large-vehicle 0
401.0 779.0 425.0 779.0 425.0 816.0 401.0 816.0 small-vehicle 0
410.0 726.0 447.0 726.0 447.0 782.0 410.0 782.0 small-vehicle 0
491.0 763.0 533.0 763.0 533.0 791.0 491.0 791.0 small-vehicle 0
324.0 477.0 375.0 477.0 375.0 506.0 324.0 506.0 small-vehicle 0
1283.0 191.0 1420.0 191.0 1420.0 221.0 1283.0 221.0 large-vehicle 0
1347.0 35.0 1394.0 35.0 1394.0 132.0 1347.0 132.0 large-vehicle 0
1409.0 681.0 1476.0 681.0 1476.0 812.0 1409.0 812.0 large-vehicle 0
1278.0 152.0 1312.0 152.0 1312.0 171.0 1278.0 171.0 small-vehicle 0
1248.0 334.0 1381.0 334.0 1381.0 375.0 1248.0 375.0 large-vehicle 0
1286.0 491.0 1416.0 491.0 1416.0 532.0 1286.0 532.0 large-vehicle 0
1277.0 524.0 1368.0 524.0 1368.0 562.0 1277.0 562.0 large-vehicle 0
1242.0 460.0 1366.0 460.0 1366.0 491.0 1242.0 491.0 large-vehicle 0
1134.0 464.0 1247.0 464.0 1247.0 512.0 1134.0 512.0 large-vehicle 0
1225.0 220.0 1408.0 220.0 1408.0 257.0 1225.0 257.0 large-vehicle 0
1230.0 269.0 1413.0 269.0 1413.0 315.0 1230.0 315.0 large-vehicle 0
1176.0 362.0 1350.0 362.0 1350.0 404.0 1176.0 404.0 large-vehicle 0
1131.0 404.0 1316.0 404.0 1316.0 461.0 1131.0 461.0 large-vehicle 0
353.0 411.0 388.0 411.0 388.0 439.0 353.0 439.0 small-vehicle 0
357.0 393.0 398.0 393.0 398.0 421.0 357.0 421.0 small-vehicle 0
581.0 503.0 751.0 503.0 751.0 567.0 581.0 567.0 large-vehicle 0
117.0 781.0 287.0 781.0 287.0 847.0 117.0 847.0 large-vehicle 0
188.0 829.0 287.0 829.0 287.0 870.0 188.0 870.0 large-vehicle 0
1170.0 1215.0 1336.0 1215.0 1336.0 1244.0 1170.0 1244.0 large-vehicle 0
1208.0 724.0 1239.0 724.0 1239.0 854.0 1208.0 854.0 large-vehicle 0
1174.0 714.0 1208.0 714.0 1208.0 848.0 1174.0 848.0 large-vehicle 0
1051.0 636.0 1077.0 636.0 1077.0 687.0 1051.0 687.0 small-vehicle 0
829.0 635.0 851.0 635.0 851.0 674.0 829.0 674.0 small-vehicle 0
928.0 877.0 961.0 877.0 961.0 1008.0 928.0 1008.0 large-vehicle 0
856.0 880.0 893.0 880.0 893.0 1016.0 856.0 1016.0 large-vehicle 0
957.0 872.0 993.0 872.0 993.0 1051.0 957.0 1051.0 large-vehicle 0
985.0 868.0 1021.0 868.0 1021.0 1048.0 985.0 1048.0 large-vehicle 0
1014.0 865.0 1046.0 865.0 1046.0 1040.0 1014.0 1040.0 large-vehicle 0
1025.0 668.0 1065.0 668.0 1065.0 847.0 1025.0 847.0 large-vehicle 0
1001.0 671.0 1038.0 671.0 1038.0 849.0 1001.0 849.0 large-vehicle 0
975.0 672.0 1011.0 672.0 1011.0 845.0 975.0 845.0 large-vehicle 0
948.0 676.0 987.0 676.0 987.0 856.0 948.0 856.0 large-vehicle 0
894.0 662.0 925.0 662.0 925.0 842.0 894.0 842.0 large-vehicle 0
819.0 685.0 846.0 685.0 846.0 865.0 819.0 865.0 large-vehicle 0
1260.0 975.0 1311.0 975.0 1311.0 1140.0 1260.0 1140.0 large-vehicle 0
914.0 1210.0 980.0 1210.0 980.0 1388.0 914.0 1388.0 large-vehicle 0
132.0 864.0 306.0 864.0 306.0 923.0 132.0 923.0 large-vehicle 0
941.0 1194.0 1008.0 1194.0 1008.0 1371.0 941.0 1371.0 large-vehicle 0
145.0 922.0 269.0 922.0 269.0 973.0 145.0 973.0 large-vehicle 0
122.0 893.0 289.0 893.0 289.0 951.0 122.0 951.0 large-vehicle 0
126.0 946.0 303.0 946.0 303.0 1007.0 126.0 1007.0 large-vehicle 0
168.0 1032.0 342.0 1032.0 342.0 1061.0 168.0 1061.0 large-vehicle 0
192.0 1064.0 364.0 1064.0 364.0 1091.0 192.0 1091.0 large-vehicle 0
577.0 1256.0 630.0 1256.0 630.0 1436.0 577.0 1436.0 large-vehicle 0
667.0 1244.0 716.0 1244.0 716.0 1414.0 667.0 1414.0 large-vehicle 0
320.0 1309.0 407.0 1309.0 407.0 1356.0 320.0 1356.0 large-vehicle 0
285.0 1247.0 456.0 1247.0 456.0 1306.0 285.0 1306.0 large-vehicle 0
236.0 1146.0 411.0 1146.0 411.0 1189.0 236.0 1189.0 large-vehicle 0
58.0 1042.0 87.0 1042.0 87.0 1084.0 58.0 1084.0 small-vehicle 0
176.0 1294.0 205.0 1294.0 205.0 1336.0 176.0 1336.0 small-vehicle 0
1130.0 1155.0 1166.0 1155.0 1166.0 1174.0 1130.0 1174.0 small-vehicle 0
956.0 1151.0 980.0 1151.0 980.0 1194.0 956.0 1194.0 small-vehicle 0
989.0 1211.0 1042.0 1211.0 1042.0 1381.0 989.0 1381.0 large-vehicle 0
1549.0 234.0 1636.0 234.0 1636.0 259.0 1549.0 259.0 large-vehicle 0
1527.0 402.0 1628.0 402.0 1628.0 443.0 1527.0 443.0 large-vehicle 0
1073.0 1222.0 1118.0 1222.0 1118.0 1318.0 1073.0 1318.0 large-vehicle 0
651.0 674.0 691.0 674.0 691.0 699.0 651.0 699.0 small-vehicle 0
646.0 697.0 687.0 697.0 687.0 721.0 646.0 721.0 small-vehicle 1
601.0 726.0 647.0 726.0 647.0 756.0 601.0 756.0 small-vehicle 1
590.0 746.0 634.0 746.0 634.0 775.0 590.0 775.0 small-vehicle 1
625.0 638.0 666.0 638.0 666.0 659.0 625.0 659.0 small-vehicle 1
500.0 734.0 544.0 734.0 544.0 765.0 500.0 765.0 small-vehicle 1
550.0 571.0 588.0 571.0 588.0 606.0 550.0 606.0 small-vehicle 1
512.0 691.0 555.0 691.0 555.0 732.0 512.0 732.0 small-vehicle 1
659.0 658.0 697.0 658.0 697.0 680.0 659.0 680.0 small-vehicle 0
1472.0 426.0 1529.0 426.0 1529.0 525.0 1472.0 525.0 large-vehicle 0
644.0 718.0 684.0 718.0 684.0 742.0 644.0 742.0 small-vehicle 0
636.0 761.0 680.0 761.0 680.0 789.0 636.0 789.0 small-vehicle 0
627.0 780.0 669.0 780.0 669.0 807.0 627.0 807.0 small-vehicle 0
604.0 709.0 650.0 709.0 650.0 739.0 604.0 739.0 small-vehicle 0
611.0 676.0 653.0 676.0 653.0 699.0 611.0 699.0 small-vehicle 0
532.0 641.0 576.0 641.0 576.0 674.0 532.0 674.0 small-vehicle 0
536.0 618.0 578.0 618.0 578.0 656.0 536.0 656.0 small-vehicle 0
591.0 953.0 614.0 953.0 614.0 997.0 591.0 997.0 small-vehicle 1
156.0 685.0 218.0 685.0 218.0 720.0 156.0 720.0 large-vehicle 0
1063.0 1193.0 1101.0 1193.0 1101.0 1219.0 1063.0 1219.0 small-vehicle 1
894.0 1227.0 915.0 1227.0 915.0 1264.0 894.0 1264.0 small-vehicle 1
1054.0 1240.0 1098.0 1240.0 1098.0 1335.0 1054.0 1335.0 large-vehicle 0
1028.0 1234.0 1082.0 1234.0 1082.0 1362.0 1028.0 1362.0 large-vehicle 0
486.0 870.0 515.0 870.0 515.0 924.0 486.0 924.0 large-vehicle 0
783.0 1179.0 817.0 1179.0 817.0 1306.0 783.0 1306.0 large-vehicle 0
792.0 1309.0 823.0 1309.0 823.0 1435.0 792.0 1435.0 large-vehicle 0
765.0 1309.0 798.0 1309.0 798.0 1436.0 765.0 1436.0 large-vehicle 0
755.0 1178.0 790.0 1178.0 790.0 1308.0 755.0 1308.0 large-vehicle 0
767.0 1060.0 805.0 1060.0 805.0 1179.0 767.0 1179.0 large-vehicle 0
740.0 1048.0 779.0 1048.0 779.0 1177.0 740.0 1177.0 large-vehicle 0
1620.0 85.0 1658.0 85.0 1658.0 186.0 1620.0 186.0 large-vehicle 0
1534.0 71.0 1571.0 71.0 1571.0 171.0 1534.0 171.0 large-vehicle 0
1251.0 311.0 1291.0 311.0 1291.0 330.0 1251.0 330.0 small-vehicle 1
1342.0 656.0 1415.0 656.0 1415.0 826.0 1342.0 826.0 large-vehicle 0
872.0 728.0 900.0 728.0 900.0 858.0 872.0 858.0 large-vehicle 0
227.0 1006.0 264.0 1006.0 264.0 1025.0 227.0 1025.0 small-vehicle 0
542.0 597.0 592.0 597.0 592.0 639.0 542.0 639.0 small-vehicle 0
626.0 591.0 670.0 591.0 670.0 617.0 626.0 617.0 small-vehicle 0
523.0 675.0 566.0 675.0 566.0 716.0 523.0 716.0 small-vehicle 0
557.0 225.0 593.0 225.0 593.0 280.0 557.0 280.0 small-vehicle 0
663.0 18.0 696.0 18.0 696.0 54.0 663.0 54.0 small-vehicle 1
629.0 16.0 660.0 16.0 660.0 51.0 629.0 51.0 small-vehicle 1
604.0 15.0 633.0 15.0 633.0 45.0 604.0 45.0 small-vehicle 1
549.0 14.0 581.0 14.0 581.0 54.0 549.0 54.0 small-vehicle 1
522.0 12.0 547.0 12.0 547.0 44.0 522.0 44.0 small-vehicle 1
494.0 11.0 527.0 11.0 527.0 41.0 494.0 41.0 small-vehicle 1
466.0 11.0 494.0 11.0 494.0 29.0 466.0 29.0 small-vehicle 1
28.0 735.0 47.0 735.0 47.0 769.0 28.0 769.0 small-vehicle 0
1598.0 645.0 1701.0 645.0 1701.0 676.0 1598.0 676.0 large-vehicle 0
1588.0 620.0 1689.0 620.0 1689.0 651.0 1588.0 651.0 large-vehicle 0
1570.0 550.0 1669.0 550.0 1669.0 601.0 1570.0 601.0 large-vehicle 0
1559.0 530.0 1658.0 530.0 1658.0 578.0 1559.0 578.0 large-vehicle 0
1551.0 495.0 1652.0 495.0 1652.0 545.0 1551.0 545.0 large-vehicle 0
1526.0 468.0 1625.0 468.0 1625.0 512.0 1526.0 512.0 large-vehicle 0
1513.0 516.0 1573.0 516.0 1573.0 614.0 1513.0 614.0 large-vehicle 0
554.0 183.0 599.0 183.0 599.0 214.0 554.0 214.0 small-vehicle 0
525.0 226.0 557.0 226.0 557.0 282.0 525.0 282.0 small-vehicle 0
251.0 651.0 277.0 651.0 277.0 690.0 251.0 690.0 small-vehicle 0
480.0 225.0 509.0 225.0 509.0 273.0 480.0 273.0 small-vehicle 0
211.0 575.0 255.0 575.0 255.0 637.0 211.0 637.0 small-vehicle 1
247.0 588.0 277.0 588.0 277.0 631.0 247.0 631.0 small-vehicle 0
175.0 587.0 214.0 587.0 214.0 612.0 175.0 612.0 small-vehicle 1
174.0 560.0 227.0 560.0 227.0 594.0 174.0 594.0 small-vehicle 0
178.0 538.0 221.0 538.0 221.0 567.0 178.0 567.0 small-vehicle 0
188.0 511.0 245.0 511.0 245.0 550.0 188.0 550.0 small-vehicle 0
297.0 653.0 338.0 653.0 338.0 680.0 297.0 680.0 small-vehicle 0
307.0 628.0 343.0 628.0 343.0 655.0 307.0 655.0 small-vehicle 0
311.0 597.0 352.0 597.0 352.0 623.0 311.0 623.0 small-vehicle 0
318.0 577.0 359.0 577.0 359.0 603.0 318.0 603.0 small-vehicle 0
325.0 557.0 363.0 557.0 363.0 583.0 325.0 583.0 small-vehicle 0
339.0 503.0 375.0 503.0 375.0 524.0 339.0 524.0 small-vehicle 1
329.0 520.0 371.0 520.0 371.0 551.0 329.0 551.0 small-vehicle 1
395.0 200.0 457.0 200.0 457.0 241.0 395.0 241.0 small-vehicle 0
503.0 230.0 531.0 230.0 531.0 274.0 503.0 274.0 small-vehicle 0
786.0 684.0 817.0 684.0 817.0 868.0 786.0 868.0 large-vehicle 0